1 0 100000
1 249150621 249250621
2 0 100000
2 243099373 243199373
3 0 100000
3 197922430 198022430
4 0 100000
4 191054276 191154276
5 0 100000
5 180815260 180915260
6 0 100000
6 171015067 171115067
7 0 100000
7 159038663 159138663
8 0 100000
8 146264022 146364022
9 0 100000
9 141113431 141213431
10 0 100000
10 135434747 135534747
11 0 100000
11 134906516 135006516
12 0 100000
12 133751895 133851895
13 0 100000
13 115069878 115169878
14 0 100000
14 107249540 107349540
15 0 100000
15 102431392 102531392
16 0 100000
16 90254753 90354753
18 0 100000
18 77977248 78077248
19 0 100000
19 59028983 59128983
20 0 100000
20 62925520 63025520
21 0 100000
21 48029895 48129895
22 0 100000
22 51204566 51304566
X 0 100000
X 155170560 155270560
Y 0 100000
Y 59273566 59373566
1 121500000 128900000
2 90500000 96800000
3 87900000 93900000
4 48200000 52700000
5 46100000 50700000
6 58700000 63300000
7 58000000 61700000
8 43100000 48100000
9 47300000 50700000
10 38000000 42300000
11 51600000 55700000
12 33300000 38200000
13 16300000 19500000
14 16100000 19100000
15 15800000 20700000
16 34600000 38600000
17 22200000 25800000
18 15400000 19000000
19 24400000 28600000
20 25600000 29400000
21 10900000 14300000
22 12200000 17900000
X 58100000 63000000
Y 11600000 13400000
